0
1 2 P 200 201 202
1 8 P 203
1 9 P 203
1 10 P 203 204
1 11 P 200
1 12 P 200 201
1 14 P 200 201 202
1 28 P 203 204 205
1 29 P 203 204


72 73 P 235
72 36 P 235 248
72 55 P 236
72 87 P 246 247
72 87 P 247
72 71 P 246

71 72 P 246
71 84 P 254
71 85 P 254 255
71 86 P 254 255
71 87 P 246 247
71 87 P 254 255
71 52 P 237
71 55 P 245
71 55 P 246

69 70 P 244
69 51 P 242 243
69 51 P 244 243
69 68 P 244
69 70 P 244





85 86 P xxx
85 105 C xxx 86 yyy
85 86 A 
85 105 A
85 104 A
85 121 A
85 119 A
85 102 A
85 103 A
