148 72 0
183 68 1
251 74 2
305 37 3
291 85 4
329 92 5
405 106 6
477 78 7
512 114 8
591 41 9
578 130 10
629 79 11
617 142 12
676 107 13
758 80 14
819 59 15
729 130 16
822 118 17
887 127 18
84 104 19
101 138 20
180 131 21
210 134 22
273 134 23
355 143 24
415 140 25
476 148 26
535 173 27
643 175 28
681 178 29
740 186 30
930 149 31
821 217 32
63 168 33
157 204 34
198 170 35
243 187 36
297 187 37
366 192 38
477 207 39
113 249 40
206 267 41
237 237 42
279 248 43
342 235 44
359 267 45
426 232 46
477 265 47
532 248 48
563 238 49
645 235 50
709 219 51
769 251 52
967 252 53
74 289 54
140 288 55
225 308 56
294 299 57
423 316 58
603 307 59
707 295 60
